/*--------------------------------*- C++ -*----------------------------------*\
| =========                 |                                                 |
| \\      /  F ield         | OpenFOAM: The Open Source CFD Toolbox           |
|  \\    /   O peration     | Version:  v2012                                 |
|   \\  /    A nd           | Website:  www.openfoam.com                      |
|    \\/     M anipulation  |                                                 |
\*---------------------------------------------------------------------------*/
FoamFile
{
    version     2.0;
    format      ascii;
    class       labelList;
    note        "nPoints:2576  nCells:1440  nFaces:5289  nInternalFaces:3351";
    location    "constant/polyMesh";
    object      neighbour;
}
// * * * * * * * * * * * * * * * * * * * * * * * * * * * * * * * * * * * * * //


3351
(
1
2
3
4
6
7
5
6
9
7
9
11
10
12
8
13
8
10
15
12
15
16
14
17
13
15
18
14
19
16
18
20
19
21
17
22
23
17
19
24
21
24
25
23
26
22
24
27
23
28
25
27
29
28
30
26
31
32
26
28
33
30
33
34
32
35
31
33
36
32
37
34
36
38
37
39
35
40
41
35
37
42
39
42
43
41
44
40
42
45
41
46
43
45
47
46
48
44
49
50
44
46
51
48
51
52
50
53
49
51
54
50
55
52
54
56
55
57
53
58
59
53
55
60
57
60
61
59
62
58
60
63
59
64
61
63
65
64
66
62
67
68
62
64
69
66
69
70
68
71
67
69
72
68
73
70
72
74
73
75
71
76
77
71
73
78
75
78
79
77
80
76
78
81
77
82
79
81
83
82
84
80
85
86
80
82
87
84
87
88
86
89
85
87
90
86
91
88
90
92
91
93
89
94
95
89
91
96
93
96
97
95
98
94
96
99
95
100
97
99
101
100
102
98
103
104
98
100
105
102
105
106
104
107
103
105
108
104
109
106
108
110
109
111
107
112
113
107
109
114
111
114
115
113
116
112
114
117
113
118
115
117
119
118
120
116
121
122
116
118
123
120
123
124
122
125
121
123
126
122
127
124
126
128
127
129
125
130
131
125
127
132
129
132
133
131
134
130
132
135
131
136
133
135
137
136
138
134
139
140
134
136
141
138
141
142
140
143
139
141
144
140
145
142
144
146
145
147
143
148
149
143
145
150
147
150
151
149
152
148
150
153
149
154
151
153
155
154
156
152
157
158
152
154
159
156
159
160
158
161
157
159
162
158
163
160
162
164
163
165
161
166
167
161
163
168
165
168
169
167
170
166
168
171
167
172
169
171
173
172
174
170
175
176
170
172
177
174
177
178
176
179
175
177
180
176
181
178
180
182
181
183
179
184
185
179
181
186
183
186
187
185
188
184
186
189
185
190
187
189
191
190
192
188
193
194
188
190
195
192
195
196
194
197
193
195
198
194
199
196
198
200
199
201
197
202
203
197
199
204
201
204
205
203
206
202
204
207
203
208
205
207
209
208
210
206
211
212
206
208
213
210
213
214
212
215
211
213
216
212
217
214
216
218
217
219
215
220
221
215
217
222
219
222
223
221
224
220
222
225
221
226
223
225
227
226
228
224
229
230
224
226
231
228
231
232
230
233
229
231
234
230
235
232
234
236
235
237
233
238
239
233
235
240
237
240
241
239
242
238
240
243
239
244
241
243
245
244
246
242
247
248
242
244
249
246
249
250
248
251
247
249
252
248
253
250
252
254
253
255
251
256
257
251
253
258
255
258
259
257
260
256
258
261
257
262
259
261
263
262
264
260
265
266
260
262
267
264
267
268
266
269
265
267
270
266
271
268
270
272
271
273
269
274
275
269
271
276
273
276
277
275
278
274
276
279
275
280
277
279
281
280
282
278
283
284
278
280
285
282
285
286
284
287
283
285
288
284
289
286
288
290
289
291
287
292
293
287
289
294
291
294
295
293
296
292
294
297
293
298
295
297
299
298
300
296
301
302
296
298
303
300
303
304
302
305
301
303
306
302
307
304
306
308
307
309
305
310
311
305
307
312
309
312
313
311
314
310
312
315
311
316
313
315
317
316
318
314
319
320
314
316
321
318
321
322
320
323
319
321
324
320
325
322
324
326
325
327
323
328
329
323
325
330
327
330
331
329
332
328
330
333
329
334
331
333
335
334
336
332
337
338
332
334
339
336
339
340
338
341
337
339
342
338
343
340
342
344
343
345
341
346
347
341
343
348
345
348
349
347
350
346
348
351
347
352
349
351
353
352
354
350
355
356
350
352
357
354
357
358
356
359
355
357
360
356
361
358
360
362
361
363
359
364
365
359
361
366
363
366
367
365
368
364
366
369
365
370
367
369
371
370
372
368
373
374
368
370
375
372
375
376
374
377
373
375
378
374
379
376
378
380
379
381
377
382
383
377
379
384
381
384
385
383
386
382
384
387
383
388
385
387
389
388
390
386
391
392
386
388
393
390
393
394
392
395
391
393
396
392
397
394
396
398
397
399
395
400
401
395
397
402
399
402
403
401
404
400
402
405
401
406
403
405
407
406
408
404
409
410
404
406
411
408
411
412
410
413
409
411
414
410
415
412
414
416
415
417
413
418
419
413
415
420
417
420
421
419
422
418
420
423
419
424
421
423
425
424
426
422
427
428
422
424
429
426
429
430
428
431
427
429
432
428
433
430
432
434
433
435
431
436
437
431
433
438
435
438
439
437
440
436
438
441
437
442
439
441
443
442
444
440
445
446
440
442
447
444
447
448
446
449
445
447
450
446
451
448
450
452
451
453
449
454
455
449
451
456
453
456
457
455
458
454
456
459
455
460
457
459
461
460
462
458
463
464
458
460
465
462
465
466
464
467
463
465
468
464
469
466
468
470
469
471
467
472
473
467
469
474
471
474
475
473
476
472
474
477
473
478
475
477
479
478
480
476
481
482
476
478
483
480
483
484
482
485
481
483
486
482
487
484
486
488
487
489
485
490
491
485
487
492
489
492
493
491
494
490
492
495
491
496
493
495
497
496
498
494
499
500
494
496
501
498
501
502
500
503
499
501
504
500
505
502
504
506
505
507
503
508
509
503
505
510
507
510
511
509
512
508
510
513
509
514
511
513
515
514
516
512
517
518
512
514
519
516
519
520
518
521
517
519
522
518
523
520
522
524
523
525
521
526
527
521
523
528
525
528
529
527
530
526
528
531
527
532
529
531
533
532
534
530
535
536
530
532
537
534
537
538
536
539
535
537
540
536
541
538
540
542
541
543
539
544
545
539
541
546
543
546
547
545
548
544
546
549
545
550
547
549
551
550
552
548
553
554
548
550
555
552
555
556
554
557
553
555
558
554
559
556
558
560
559
561
557
562
563
557
559
564
561
564
565
563
566
562
564
567
563
568
565
567
569
568
570
566
571
572
566
568
573
570
573
574
572
575
571
573
576
572
577
574
576
578
577
579
575
580
581
575
577
582
579
582
583
581
584
580
582
585
581
586
583
585
587
586
588
584
589
590
584
586
591
588
591
592
590
593
589
591
594
590
595
592
594
596
595
597
593
598
599
593
595
600
597
600
601
599
602
598
600
603
599
604
601
603
605
604
606
602
607
608
602
604
609
606
609
610
608
611
607
609
612
608
613
610
612
614
613
615
611
616
617
611
613
618
615
618
619
617
620
616
618
621
617
622
619
621
623
622
624
620
625
626
620
622
627
624
627
628
626
629
625
627
630
626
631
628
630
632
631
633
629
634
635
629
631
636
633
636
637
635
638
634
636
639
635
640
637
639
641
640
642
638
643
644
638
640
645
642
645
646
644
647
643
645
648
644
649
646
648
650
649
651
647
652
653
647
649
654
651
654
655
653
656
652
654
657
653
658
655
657
659
658
660
656
661
662
656
658
663
660
663
664
662
665
661
663
666
662
667
664
666
668
667
669
665
670
671
665
667
672
669
672
673
671
674
670
672
675
671
676
673
675
677
676
678
674
679
680
674
676
681
678
681
682
680
683
679
681
684
680
685
682
684
686
685
687
683
688
689
683
685
690
687
690
691
689
692
688
690
693
689
694
691
693
695
694
696
692
697
698
692
694
699
696
699
700
698
701
697
699
702
698
703
700
702
704
703
705
701
706
707
701
703
708
705
708
709
707
710
706
708
711
707
712
709
711
713
712
714
710
715
716
710
712
717
714
717
718
716
719
715
717
720
716
721
718
720
722
721
723
719
724
725
719
721
726
723
726
727
725
728
724
726
729
725
730
727
729
731
730
732
728
733
734
728
730
735
732
735
736
734
737
733
735
738
734
739
736
738
740
739
741
737
742
743
737
739
744
741
744
745
743
746
742
744
747
743
748
745
747
749
748
750
746
751
752
746
748
753
750
753
754
752
755
751
753
756
752
757
754
756
758
757
759
755
760
761
755
757
762
759
762
763
761
764
760
762
765
761
766
763
765
767
766
768
764
769
770
764
766
771
768
771
772
770
773
769
771
774
770
775
772
774
776
775
777
773
778
779
773
775
780
777
780
781
779
782
778
780
783
779
784
781
783
785
784
786
782
787
788
782
784
789
786
789
790
788
791
787
789
792
788
793
790
792
794
793
795
791
796
797
791
793
798
795
798
799
797
800
796
798
801
797
802
799
801
803
802
804
800
805
806
800
802
807
804
807
808
806
809
805
807
810
806
811
808
810
812
811
813
809
814
815
809
811
816
813
816
817
815
818
814
816
819
815
820
817
819
821
820
822
818
823
824
818
820
825
822
825
826
824
827
823
825
828
824
829
826
828
830
829
831
827
832
833
827
829
834
831
834
835
833
836
832
834
837
833
838
835
837
839
838
840
836
841
842
836
838
843
840
843
844
842
845
841
843
846
842
847
844
846
848
847
849
845
850
851
845
847
852
849
852
853
851
854
850
852
855
851
856
853
855
857
856
858
854
859
860
854
856
861
858
861
862
860
863
859
861
864
860
865
862
864
866
865
867
863
868
869
863
865
870
867
870
871
869
872
868
870
873
869
874
871
873
875
874
876
872
877
878
872
874
879
876
879
880
878
881
877
879
882
878
883
880
882
884
883
885
881
886
887
881
883
888
885
888
889
887
890
886
888
891
887
892
889
891
893
892
894
890
895
896
890
892
897
894
897
898
896
899
895
897
900
896
901
898
900
902
901
903
899
904
905
899
901
906
903
906
907
905
908
904
906
909
905
910
907
909
911
910
912
908
913
914
908
910
915
912
915
916
914
917
913
915
918
914
919
916
918
920
919
921
917
922
923
917
919
924
921
924
925
923
926
922
924
927
923
928
925
927
929
928
930
926
931
932
926
928
933
930
933
934
932
935
931
933
936
932
937
934
936
938
937
939
935
940
941
935
937
942
939
942
943
941
944
940
942
945
941
946
943
945
947
946
948
944
949
950
944
946
951
948
951
952
950
953
949
951
954
950
955
952
954
956
955
957
953
958
959
953
955
960
957
960
961
959
962
958
960
963
959
964
961
963
965
964
966
962
967
968
962
964
969
966
969
970
968
971
967
969
972
968
973
970
972
974
973
975
971
976
977
971
973
978
975
978
979
977
980
976
978
981
977
982
979
981
983
982
984
980
985
986
980
982
987
984
987
988
986
989
985
987
990
986
991
988
990
992
991
993
989
994
995
989
991
996
993
996
997
995
998
994
996
999
995
1000
997
999
1001
1000
1002
998
1003
1004
998
1000
1005
1002
1005
1006
1004
1007
1003
1005
1008
1004
1009
1006
1008
1010
1009
1011
1007
1012
1013
1007
1009
1014
1011
1014
1015
1013
1016
1012
1014
1017
1013
1018
1015
1017
1019
1018
1020
1016
1021
1022
1016
1018
1023
1020
1023
1024
1022
1025
1021
1023
1026
1022
1027
1024
1026
1028
1027
1029
1025
1030
1031
1025
1027
1032
1029
1032
1033
1031
1034
1030
1032
1035
1031
1036
1033
1035
1037
1036
1038
1034
1039
1040
1034
1036
1041
1038
1041
1042
1040
1043
1039
1041
1044
1040
1045
1042
1044
1046
1045
1047
1043
1048
1049
1043
1045
1050
1047
1050
1051
1049
1052
1048
1050
1053
1049
1054
1051
1053
1055
1054
1056
1052
1057
1058
1052
1054
1059
1056
1059
1060
1058
1061
1057
1059
1062
1058
1063
1060
1062
1064
1063
1065
1061
1066
1067
1061
1063
1068
1065
1068
1069
1067
1070
1066
1068
1071
1067
1072
1069
1071
1073
1072
1074
1070
1075
1076
1070
1072
1077
1074
1077
1078
1076
1079
1075
1077
1080
1076
1081
1078
1080
1082
1081
1083
1079
1084
1085
1079
1081
1086
1083
1086
1087
1085
1088
1084
1086
1089
1085
1090
1087
1089
1091
1090
1092
1088
1093
1094
1088
1090
1095
1092
1095
1096
1094
1097
1093
1095
1098
1094
1099
1096
1098
1100
1099
1101
1097
1102
1103
1097
1099
1104
1101
1104
1105
1103
1106
1102
1104
1107
1103
1108
1105
1107
1109
1108
1110
1106
1111
1112
1106
1108
1113
1110
1113
1114
1112
1115
1111
1113
1116
1112
1117
1114
1116
1118
1117
1119
1115
1120
1121
1115
1117
1122
1119
1122
1123
1121
1124
1120
1122
1125
1121
1126
1123
1125
1127
1126
1128
1124
1129
1130
1124
1126
1131
1128
1131
1132
1130
1133
1129
1131
1134
1130
1135
1132
1134
1136
1135
1137
1133
1138
1139
1133
1135
1140
1137
1140
1141
1139
1142
1138
1140
1143
1139
1144
1141
1143
1145
1144
1146
1142
1147
1148
1142
1144
1149
1146
1149
1150
1148
1151
1147
1149
1152
1148
1153
1150
1152
1154
1153
1155
1151
1156
1157
1151
1153
1158
1155
1158
1159
1157
1160
1156
1158
1161
1157
1162
1159
1161
1163
1162
1164
1160
1165
1166
1160
1162
1167
1164
1167
1168
1166
1169
1165
1167
1170
1166
1171
1168
1170
1172
1171
1173
1169
1174
1175
1169
1171
1176
1173
1176
1177
1175
1178
1174
1176
1179
1175
1180
1177
1179
1181
1180
1182
1178
1183
1184
1178
1180
1185
1182
1185
1186
1184
1187
1183
1185
1188
1184
1189
1186
1188
1190
1189
1191
1187
1192
1193
1187
1189
1194
1191
1194
1195
1193
1196
1192
1194
1197
1193
1198
1195
1197
1199
1198
1200
1196
1201
1202
1196
1198
1203
1200
1203
1204
1202
1205
1201
1203
1206
1202
1207
1204
1206
1208
1207
1209
1205
1210
1211
1205
1207
1212
1209
1212
1213
1211
1214
1210
1212
1215
1211
1216
1213
1215
1217
1216
1218
1214
1219
1220
1214
1216
1221
1218
1221
1222
1220
1223
1219
1221
1224
1220
1225
1222
1224
1226
1225
1227
1223
1228
1229
1223
1225
1230
1227
1230
1231
1229
1232
1228
1230
1233
1229
1234
1231
1233
1235
1234
1236
1232
1237
1238
1232
1234
1239
1236
1239
1240
1238
1241
1237
1239
1242
1238
1243
1240
1242
1244
1243
1245
1241
1246
1247
1241
1243
1248
1245
1248
1249
1247
1250
1246
1248
1251
1247
1252
1249
1251
1253
1252
1254
1250
1255
1256
1250
1252
1257
1254
1257
1258
1256
1259
1255
1257
1260
1256
1261
1258
1260
1262
1261
1263
1259
1264
1265
1259
1261
1266
1263
1266
1267
1265
1268
1264
1266
1269
1265
1270
1267
1269
1271
1270
1272
1268
1273
1274
1268
1270
1275
1272
1275
1276
1274
1277
1273
1275
1278
1274
1279
1276
1278
1280
1279
1281
1277
1282
1283
1277
1279
1284
1281
1284
1285
1283
1286
1282
1284
1287
1283
1288
1285
1287
1289
1288
1290
1286
1291
1292
1286
1288
1293
1290
1293
1294
1292
1295
1291
1293
1296
1292
1297
1294
1296
1298
1297
1299
1295
1300
1301
1295
1297
1302
1299
1302
1303
1301
1304
1300
1302
1305
1301
1306
1303
1305
1307
1306
1308
1304
1309
1310
1304
1306
1311
1308
1311
1312
1310
1313
1309
1311
1314
1310
1315
1312
1314
1316
1315
1317
1313
1318
1319
1313
1315
1320
1317
1320
1321
1319
1322
1318
1320
1323
1319
1324
1321
1323
1325
1324
1326
1322
1327
1328
1322
1324
1329
1326
1329
1330
1328
1331
1327
1329
1332
1328
1333
1330
1332
1334
1333
1335
1331
1336
1337
1331
1333
1338
1335
1338
1339
1337
1340
1336
1338
1341
1337
1342
1339
1341
1343
1342
1344
1340
1345
1346
1340
1342
1347
1344
1347
1348
1346
1349
1345
1347
1350
1346
1351
1348
1350
1352
1351
1353
1349
1354
1355
1349
1351
1356
1353
1356
1357
1355
1358
1354
1356
1359
1355
1360
1357
1359
1361
1360
1362
1358
1363
1364
1358
1360
1365
1362
1365
1366
1364
1367
1363
1365
1368
1364
1369
1366
1368
1370
1369
1371
1367
1372
1373
1367
1369
1374
1371
1374
1375
1373
1376
1372
1374
1377
1373
1378
1375
1377
1379
1378
1380
1376
1381
1382
1376
1378
1383
1380
1383
1384
1382
1385
1381
1383
1386
1382
1387
1384
1386
1388
1387
1389
1385
1390
1391
1385
1387
1392
1389
1392
1393
1391
1394
1390
1392
1395
1391
1396
1393
1395
1397
1396
1398
1394
1399
1400
1394
1396
1401
1398
1401
1402
1400
1403
1399
1401
1404
1400
1405
1402
1404
1406
1405
1407
1403
1408
1409
1403
1405
1410
1407
1410
1411
1409
1412
1408
1410
1413
1409
1414
1411
1413
1415
1414
1416
1412
1417
1418
1412
1414
1419
1416
1419
1420
1418
1421
1417
1419
1422
1418
1423
1420
1422
1424
1423
1425
1421
1426
1427
1421
1423
1428
1425
1428
1429
1427
1430
1426
1428
1431
1427
1432
1429
1431
1432
1433
1430
1434
1435
1430
1432
1436
1433
1436
1435
1437
1434
1436
1435
1438
1438
1437
1439
1437
1438
1439
1439
)


// ************************************************************************* //
