/*--------------------------------*- C++ -*----------------------------------*\
| =========                 |                                                 |
| \\      /  F ield         | OpenFOAM: The Open Source CFD Toolbox           |
|  \\    /   O peration     | Version:  v2012                                 |
|   \\  /    A nd           | Website:  www.openfoam.com                      |
|    \\/     M anipulation  |                                                 |
\*---------------------------------------------------------------------------*/
FoamFile
{
    version     2.0;
    format      ascii;
    class       labelList;
    note        "nPoints:2576  nCells:1440  nFaces:5289  nInternalFaces:3351";
    location    "constant/polyMesh";
    object      owner;
}
// * * * * * * * * * * * * * * * * * * * * * * * * * * * * * * * * * * * * * //


5289
(
0
0
0
1
1
1
2
2
2
3
3
3
4
4
5
5
6
6
6
7
7
7
8
8
9
9
9
10
10
11
11
11
12
12
13
13
14
15
15
15
16
16
16
17
17
18
18
18
19
19
20
20
20
21
21
22
22
23
24
24
24
25
25
25
26
26
27
27
27
28
28
29
29
29
30
30
31
31
32
33
33
33
34
34
34
35
35
36
36
36
37
37
38
38
38
39
39
40
40
41
42
42
42
43
43
43
44
44
45
45
45
46
46
47
47
47
48
48
49
49
50
51
51
51
52
52
52
53
53
54
54
54
55
55
56
56
56
57
57
58
58
59
60
60
60
61
61
61
62
62
63
63
63
64
64
65
65
65
66
66
67
67
68
69
69
69
70
70
70
71
71
72
72
72
73
73
74
74
74
75
75
76
76
77
78
78
78
79
79
79
80
80
81
81
81
82
82
83
83
83
84
84
85
85
86
87
87
87
88
88
88
89
89
90
90
90
91
91
92
92
92
93
93
94
94
95
96
96
96
97
97
97
98
98
99
99
99
100
100
101
101
101
102
102
103
103
104
105
105
105
106
106
106
107
107
108
108
108
109
109
110
110
110
111
111
112
112
113
114
114
114
115
115
115
116
116
117
117
117
118
118
119
119
119
120
120
121
121
122
123
123
123
124
124
124
125
125
126
126
126
127
127
128
128
128
129
129
130
130
131
132
132
132
133
133
133
134
134
135
135
135
136
136
137
137
137
138
138
139
139
140
141
141
141
142
142
142
143
143
144
144
144
145
145
146
146
146
147
147
148
148
149
150
150
150
151
151
151
152
152
153
153
153
154
154
155
155
155
156
156
157
157
158
159
159
159
160
160
160
161
161
162
162
162
163
163
164
164
164
165
165
166
166
167
168
168
168
169
169
169
170
170
171
171
171
172
172
173
173
173
174
174
175
175
176
177
177
177
178
178
178
179
179
180
180
180
181
181
182
182
182
183
183
184
184
185
186
186
186
187
187
187
188
188
189
189
189
190
190
191
191
191
192
192
193
193
194
195
195
195
196
196
196
197
197
198
198
198
199
199
200
200
200
201
201
202
202
203
204
204
204
205
205
205
206
206
207
207
207
208
208
209
209
209
210
210
211
211
212
213
213
213
214
214
214
215
215
216
216
216
217
217
218
218
218
219
219
220
220
221
222
222
222
223
223
223
224
224
225
225
225
226
226
227
227
227
228
228
229
229
230
231
231
231
232
232
232
233
233
234
234
234
235
235
236
236
236
237
237
238
238
239
240
240
240
241
241
241
242
242
243
243
243
244
244
245
245
245
246
246
247
247
248
249
249
249
250
250
250
251
251
252
252
252
253
253
254
254
254
255
255
256
256
257
258
258
258
259
259
259
260
260
261
261
261
262
262
263
263
263
264
264
265
265
266
267
267
267
268
268
268
269
269
270
270
270
271
271
272
272
272
273
273
274
274
275
276
276
276
277
277
277
278
278
279
279
279
280
280
281
281
281
282
282
283
283
284
285
285
285
286
286
286
287
287
288
288
288
289
289
290
290
290
291
291
292
292
293
294
294
294
295
295
295
296
296
297
297
297
298
298
299
299
299
300
300
301
301
302
303
303
303
304
304
304
305
305
306
306
306
307
307
308
308
308
309
309
310
310
311
312
312
312
313
313
313
314
314
315
315
315
316
316
317
317
317
318
318
319
319
320
321
321
321
322
322
322
323
323
324
324
324
325
325
326
326
326
327
327
328
328
329
330
330
330
331
331
331
332
332
333
333
333
334
334
335
335
335
336
336
337
337
338
339
339
339
340
340
340
341
341
342
342
342
343
343
344
344
344
345
345
346
346
347
348
348
348
349
349
349
350
350
351
351
351
352
352
353
353
353
354
354
355
355
356
357
357
357
358
358
358
359
359
360
360
360
361
361
362
362
362
363
363
364
364
365
366
366
366
367
367
367
368
368
369
369
369
370
370
371
371
371
372
372
373
373
374
375
375
375
376
376
376
377
377
378
378
378
379
379
380
380
380
381
381
382
382
383
384
384
384
385
385
385
386
386
387
387
387
388
388
389
389
389
390
390
391
391
392
393
393
393
394
394
394
395
395
396
396
396
397
397
398
398
398
399
399
400
400
401
402
402
402
403
403
403
404
404
405
405
405
406
406
407
407
407
408
408
409
409
410
411
411
411
412
412
412
413
413
414
414
414
415
415
416
416
416
417
417
418
418
419
420
420
420
421
421
421
422
422
423
423
423
424
424
425
425
425
426
426
427
427
428
429
429
429
430
430
430
431
431
432
432
432
433
433
434
434
434
435
435
436
436
437
438
438
438
439
439
439
440
440
441
441
441
442
442
443
443
443
444
444
445
445
446
447
447
447
448
448
448
449
449
450
450
450
451
451
452
452
452
453
453
454
454
455
456
456
456
457
457
457
458
458
459
459
459
460
460
461
461
461
462
462
463
463
464
465
465
465
466
466
466
467
467
468
468
468
469
469
470
470
470
471
471
472
472
473
474
474
474
475
475
475
476
476
477
477
477
478
478
479
479
479
480
480
481
481
482
483
483
483
484
484
484
485
485
486
486
486
487
487
488
488
488
489
489
490
490
491
492
492
492
493
493
493
494
494
495
495
495
496
496
497
497
497
498
498
499
499
500
501
501
501
502
502
502
503
503
504
504
504
505
505
506
506
506
507
507
508
508
509
510
510
510
511
511
511
512
512
513
513
513
514
514
515
515
515
516
516
517
517
518
519
519
519
520
520
520
521
521
522
522
522
523
523
524
524
524
525
525
526
526
527
528
528
528
529
529
529
530
530
531
531
531
532
532
533
533
533
534
534
535
535
536
537
537
537
538
538
538
539
539
540
540
540
541
541
542
542
542
543
543
544
544
545
546
546
546
547
547
547
548
548
549
549
549
550
550
551
551
551
552
552
553
553
554
555
555
555
556
556
556
557
557
558
558
558
559
559
560
560
560
561
561
562
562
563
564
564
564
565
565
565
566
566
567
567
567
568
568
569
569
569
570
570
571
571
572
573
573
573
574
574
574
575
575
576
576
576
577
577
578
578
578
579
579
580
580
581
582
582
582
583
583
583
584
584
585
585
585
586
586
587
587
587
588
588
589
589
590
591
591
591
592
592
592
593
593
594
594
594
595
595
596
596
596
597
597
598
598
599
600
600
600
601
601
601
602
602
603
603
603
604
604
605
605
605
606
606
607
607
608
609
609
609
610
610
610
611
611
612
612
612
613
613
614
614
614
615
615
616
616
617
618
618
618
619
619
619
620
620
621
621
621
622
622
623
623
623
624
624
625
625
626
627
627
627
628
628
628
629
629
630
630
630
631
631
632
632
632
633
633
634
634
635
636
636
636
637
637
637
638
638
639
639
639
640
640
641
641
641
642
642
643
643
644
645
645
645
646
646
646
647
647
648
648
648
649
649
650
650
650
651
651
652
652
653
654
654
654
655
655
655
656
656
657
657
657
658
658
659
659
659
660
660
661
661
662
663
663
663
664
664
664
665
665
666
666
666
667
667
668
668
668
669
669
670
670
671
672
672
672
673
673
673
674
674
675
675
675
676
676
677
677
677
678
678
679
679
680
681
681
681
682
682
682
683
683
684
684
684
685
685
686
686
686
687
687
688
688
689
690
690
690
691
691
691
692
692
693
693
693
694
694
695
695
695
696
696
697
697
698
699
699
699
700
700
700
701
701
702
702
702
703
703
704
704
704
705
705
706
706
707
708
708
708
709
709
709
710
710
711
711
711
712
712
713
713
713
714
714
715
715
716
717
717
717
718
718
718
719
719
720
720
720
721
721
722
722
722
723
723
724
724
725
726
726
726
727
727
727
728
728
729
729
729
730
730
731
731
731
732
732
733
733
734
735
735
735
736
736
736
737
737
738
738
738
739
739
740
740
740
741
741
742
742
743
744
744
744
745
745
745
746
746
747
747
747
748
748
749
749
749
750
750
751
751
752
753
753
753
754
754
754
755
755
756
756
756
757
757
758
758
758
759
759
760
760
761
762
762
762
763
763
763
764
764
765
765
765
766
766
767
767
767
768
768
769
769
770
771
771
771
772
772
772
773
773
774
774
774
775
775
776
776
776
777
777
778
778
779
780
780
780
781
781
781
782
782
783
783
783
784
784
785
785
785
786
786
787
787
788
789
789
789
790
790
790
791
791
792
792
792
793
793
794
794
794
795
795
796
796
797
798
798
798
799
799
799
800
800
801
801
801
802
802
803
803
803
804
804
805
805
806
807
807
807
808
808
808
809
809
810
810
810
811
811
812
812
812
813
813
814
814
815
816
816
816
817
817
817
818
818
819
819
819
820
820
821
821
821
822
822
823
823
824
825
825
825
826
826
826
827
827
828
828
828
829
829
830
830
830
831
831
832
832
833
834
834
834
835
835
835
836
836
837
837
837
838
838
839
839
839
840
840
841
841
842
843
843
843
844
844
844
845
845
846
846
846
847
847
848
848
848
849
849
850
850
851
852
852
852
853
853
853
854
854
855
855
855
856
856
857
857
857
858
858
859
859
860
861
861
861
862
862
862
863
863
864
864
864
865
865
866
866
866
867
867
868
868
869
870
870
870
871
871
871
872
872
873
873
873
874
874
875
875
875
876
876
877
877
878
879
879
879
880
880
880
881
881
882
882
882
883
883
884
884
884
885
885
886
886
887
888
888
888
889
889
889
890
890
891
891
891
892
892
893
893
893
894
894
895
895
896
897
897
897
898
898
898
899
899
900
900
900
901
901
902
902
902
903
903
904
904
905
906
906
906
907
907
907
908
908
909
909
909
910
910
911
911
911
912
912
913
913
914
915
915
915
916
916
916
917
917
918
918
918
919
919
920
920
920
921
921
922
922
923
924
924
924
925
925
925
926
926
927
927
927
928
928
929
929
929
930
930
931
931
932
933
933
933
934
934
934
935
935
936
936
936
937
937
938
938
938
939
939
940
940
941
942
942
942
943
943
943
944
944
945
945
945
946
946
947
947
947
948
948
949
949
950
951
951
951
952
952
952
953
953
954
954
954
955
955
956
956
956
957
957
958
958
959
960
960
960
961
961
961
962
962
963
963
963
964
964
965
965
965
966
966
967
967
968
969
969
969
970
970
970
971
971
972
972
972
973
973
974
974
974
975
975
976
976
977
978
978
978
979
979
979
980
980
981
981
981
982
982
983
983
983
984
984
985
985
986
987
987
987
988
988
988
989
989
990
990
990
991
991
992
992
992
993
993
994
994
995
996
996
996
997
997
997
998
998
999
999
999
1000
1000
1001
1001
1001
1002
1002
1003
1003
1004
1005
1005
1005
1006
1006
1006
1007
1007
1008
1008
1008
1009
1009
1010
1010
1010
1011
1011
1012
1012
1013
1014
1014
1014
1015
1015
1015
1016
1016
1017
1017
1017
1018
1018
1019
1019
1019
1020
1020
1021
1021
1022
1023
1023
1023
1024
1024
1024
1025
1025
1026
1026
1026
1027
1027
1028
1028
1028
1029
1029
1030
1030
1031
1032
1032
1032
1033
1033
1033
1034
1034
1035
1035
1035
1036
1036
1037
1037
1037
1038
1038
1039
1039
1040
1041
1041
1041
1042
1042
1042
1043
1043
1044
1044
1044
1045
1045
1046
1046
1046
1047
1047
1048
1048
1049
1050
1050
1050
1051
1051
1051
1052
1052
1053
1053
1053
1054
1054
1055
1055
1055
1056
1056
1057
1057
1058
1059
1059
1059
1060
1060
1060
1061
1061
1062
1062
1062
1063
1063
1064
1064
1064
1065
1065
1066
1066
1067
1068
1068
1068
1069
1069
1069
1070
1070
1071
1071
1071
1072
1072
1073
1073
1073
1074
1074
1075
1075
1076
1077
1077
1077
1078
1078
1078
1079
1079
1080
1080
1080
1081
1081
1082
1082
1082
1083
1083
1084
1084
1085
1086
1086
1086
1087
1087
1087
1088
1088
1089
1089
1089
1090
1090
1091
1091
1091
1092
1092
1093
1093
1094
1095
1095
1095
1096
1096
1096
1097
1097
1098
1098
1098
1099
1099
1100
1100
1100
1101
1101
1102
1102
1103
1104
1104
1104
1105
1105
1105
1106
1106
1107
1107
1107
1108
1108
1109
1109
1109
1110
1110
1111
1111
1112
1113
1113
1113
1114
1114
1114
1115
1115
1116
1116
1116
1117
1117
1118
1118
1118
1119
1119
1120
1120
1121
1122
1122
1122
1123
1123
1123
1124
1124
1125
1125
1125
1126
1126
1127
1127
1127
1128
1128
1129
1129
1130
1131
1131
1131
1132
1132
1132
1133
1133
1134
1134
1134
1135
1135
1136
1136
1136
1137
1137
1138
1138
1139
1140
1140
1140
1141
1141
1141
1142
1142
1143
1143
1143
1144
1144
1145
1145
1145
1146
1146
1147
1147
1148
1149
1149
1149
1150
1150
1150
1151
1151
1152
1152
1152
1153
1153
1154
1154
1154
1155
1155
1156
1156
1157
1158
1158
1158
1159
1159
1159
1160
1160
1161
1161
1161
1162
1162
1163
1163
1163
1164
1164
1165
1165
1166
1167
1167
1167
1168
1168
1168
1169
1169
1170
1170
1170
1171
1171
1172
1172
1172
1173
1173
1174
1174
1175
1176
1176
1176
1177
1177
1177
1178
1178
1179
1179
1179
1180
1180
1181
1181
1181
1182
1182
1183
1183
1184
1185
1185
1185
1186
1186
1186
1187
1187
1188
1188
1188
1189
1189
1190
1190
1190
1191
1191
1192
1192
1193
1194
1194
1194
1195
1195
1195
1196
1196
1197
1197
1197
1198
1198
1199
1199
1199
1200
1200
1201
1201
1202
1203
1203
1203
1204
1204
1204
1205
1205
1206
1206
1206
1207
1207
1208
1208
1208
1209
1209
1210
1210
1211
1212
1212
1212
1213
1213
1213
1214
1214
1215
1215
1215
1216
1216
1217
1217
1217
1218
1218
1219
1219
1220
1221
1221
1221
1222
1222
1222
1223
1223
1224
1224
1224
1225
1225
1226
1226
1226
1227
1227
1228
1228
1229
1230
1230
1230
1231
1231
1231
1232
1232
1233
1233
1233
1234
1234
1235
1235
1235
1236
1236
1237
1237
1238
1239
1239
1239
1240
1240
1240
1241
1241
1242
1242
1242
1243
1243
1244
1244
1244
1245
1245
1246
1246
1247
1248
1248
1248
1249
1249
1249
1250
1250
1251
1251
1251
1252
1252
1253
1253
1253
1254
1254
1255
1255
1256
1257
1257
1257
1258
1258
1258
1259
1259
1260
1260
1260
1261
1261
1262
1262
1262
1263
1263
1264
1264
1265
1266
1266
1266
1267
1267
1267
1268
1268
1269
1269
1269
1270
1270
1271
1271
1271
1272
1272
1273
1273
1274
1275
1275
1275
1276
1276
1276
1277
1277
1278
1278
1278
1279
1279
1280
1280
1280
1281
1281
1282
1282
1283
1284
1284
1284
1285
1285
1285
1286
1286
1287
1287
1287
1288
1288
1289
1289
1289
1290
1290
1291
1291
1292
1293
1293
1293
1294
1294
1294
1295
1295
1296
1296
1296
1297
1297
1298
1298
1298
1299
1299
1300
1300
1301
1302
1302
1302
1303
1303
1303
1304
1304
1305
1305
1305
1306
1306
1307
1307
1307
1308
1308
1309
1309
1310
1311
1311
1311
1312
1312
1312
1313
1313
1314
1314
1314
1315
1315
1316
1316
1316
1317
1317
1318
1318
1319
1320
1320
1320
1321
1321
1321
1322
1322
1323
1323
1323
1324
1324
1325
1325
1325
1326
1326
1327
1327
1328
1329
1329
1329
1330
1330
1330
1331
1331
1332
1332
1332
1333
1333
1334
1334
1334
1335
1335
1336
1336
1337
1338
1338
1338
1339
1339
1339
1340
1340
1341
1341
1341
1342
1342
1343
1343
1343
1344
1344
1345
1345
1346
1347
1347
1347
1348
1348
1348
1349
1349
1350
1350
1350
1351
1351
1352
1352
1352
1353
1353
1354
1354
1355
1356
1356
1356
1357
1357
1357
1358
1358
1359
1359
1359
1360
1360
1361
1361
1361
1362
1362
1363
1363
1364
1365
1365
1365
1366
1366
1366
1367
1367
1368
1368
1368
1369
1369
1370
1370
1370
1371
1371
1372
1372
1373
1374
1374
1374
1375
1375
1375
1376
1376
1377
1377
1377
1378
1378
1379
1379
1379
1380
1380
1381
1381
1382
1383
1383
1383
1384
1384
1384
1385
1385
1386
1386
1386
1387
1387
1388
1388
1388
1389
1389
1390
1390
1391
1392
1392
1392
1393
1393
1393
1394
1394
1395
1395
1395
1396
1396
1397
1397
1397
1398
1398
1399
1399
1400
1401
1401
1401
1402
1402
1402
1403
1403
1404
1404
1404
1405
1405
1406
1406
1406
1407
1407
1408
1408
1409
1410
1410
1410
1411
1411
1411
1412
1412
1413
1413
1413
1414
1414
1415
1415
1415
1416
1416
1417
1417
1418
1419
1419
1419
1420
1420
1420
1421
1421
1422
1422
1422
1423
1423
1424
1424
1425
1425
1426
1426
1427
1428
1428
1428
1429
1429
1430
1430
1431
1431
1432
1432
1433
1434
1435
1436
1436
1437
1438
1424
1431
1434
1429
1436
1437
1433
1438
1439
0
2
5
1
6
8
4
10
14
0
2
5
3
9
13
11
18
22
20
27
31
29
36
40
38
45
49
47
54
58
56
63
67
65
72
76
74
81
85
83
90
94
92
99
103
101
108
112
110
117
121
119
126
130
128
135
139
137
144
148
146
153
157
155
162
166
164
171
175
173
180
184
182
189
193
191
198
202
200
207
211
209
216
220
218
225
229
227
234
238
236
243
247
245
252
256
254
261
265
263
270
274
272
279
283
281
288
292
290
297
301
299
306
310
308
315
319
317
324
328
326
333
337
335
342
346
344
351
355
353
360
364
362
369
373
371
378
382
380
387
391
389
396
400
398
405
409
407
414
418
416
423
427
425
432
436
434
441
445
443
450
454
452
459
463
461
468
472
470
477
481
479
486
490
488
495
499
497
504
508
506
513
517
515
522
526
524
531
535
533
540
544
542
549
553
551
558
562
560
567
571
569
576
580
578
585
589
587
594
598
596
603
607
605
612
616
614
621
625
623
630
634
632
639
643
641
648
652
650
657
661
659
666
670
668
675
679
677
684
688
686
693
697
695
702
706
704
711
715
713
720
724
722
729
733
731
738
742
740
747
751
749
756
760
758
765
769
767
774
778
776
783
787
785
792
796
794
801
805
803
810
814
812
819
823
821
828
832
830
837
841
839
846
850
848
855
859
857
864
868
866
873
877
875
882
886
884
891
895
893
900
904
902
909
913
911
918
922
920
927
931
929
936
940
938
945
949
947
954
958
956
963
967
965
972
976
974
981
985
983
990
994
992
999
1003
1001
1008
1012
1010
1017
1021
1019
1026
1030
1028
1035
1039
1037
1044
1048
1046
1053
1057
1055
1062
1066
1064
1071
1075
1073
1080
1084
1082
1089
1093
1091
1098
1102
1100
1107
1111
1109
1116
1120
1118
1125
1129
1127
1134
1138
1136
1143
1147
1145
1152
1156
1154
1161
1165
1163
1170
1174
1172
1179
1183
1181
1188
1192
1190
1197
1201
1199
1206
1210
1208
1215
1219
1217
1224
1228
1226
1233
1237
1235
1242
1246
1244
1251
1255
1253
1260
1264
1262
1269
1273
1271
1278
1282
1280
1287
1291
1289
1296
1300
1298
1305
1309
1307
1314
1318
1316
1323
1327
1325
1332
1336
1334
1341
1345
1343
1350
1354
1352
1359
1363
1361
1368
1372
1370
1377
1381
1379
1386
1390
1388
1395
1399
1397
1404
1408
1406
1413
1417
1415
1422
1426
1424
1431
1434
4
10
14
12
19
23
21
28
32
30
37
41
39
46
50
48
55
59
57
64
68
66
73
77
75
82
86
84
91
95
93
100
104
102
109
113
111
118
122
120
127
131
129
136
140
138
145
149
147
154
158
156
163
167
165
172
176
174
181
185
183
190
194
192
199
203
201
208
212
210
217
221
219
226
230
228
235
239
237
244
248
246
253
257
255
262
266
264
271
275
273
280
284
282
289
293
291
298
302
300
307
311
309
316
320
318
325
329
327
334
338
336
343
347
345
352
356
354
361
365
363
370
374
372
379
383
381
388
392
390
397
401
399
406
410
408
415
419
417
424
428
426
433
437
435
442
446
444
451
455
453
460
464
462
469
473
471
478
482
480
487
491
489
496
500
498
505
509
507
514
518
516
523
527
525
532
536
534
541
545
543
550
554
552
559
563
561
568
572
570
577
581
579
586
590
588
595
599
597
604
608
606
613
617
615
622
626
624
631
635
633
640
644
642
649
653
651
658
662
660
667
671
669
676
680
678
685
689
687
694
698
696
703
707
705
712
716
714
721
725
723
730
734
732
739
743
741
748
752
750
757
761
759
766
770
768
775
779
777
784
788
786
793
797
795
802
806
804
811
815
813
820
824
822
829
833
831
838
842
840
847
851
849
856
860
858
865
869
867
874
878
876
883
887
885
892
896
894
901
905
903
910
914
912
919
923
921
928
932
930
937
941
939
946
950
948
955
959
957
964
968
966
973
977
975
982
986
984
991
995
993
1000
1004
1002
1009
1013
1011
1018
1022
1020
1027
1031
1029
1036
1040
1038
1045
1049
1047
1054
1058
1056
1063
1067
1065
1072
1076
1074
1081
1085
1083
1090
1094
1092
1099
1103
1101
1108
1112
1110
1117
1121
1119
1126
1130
1128
1135
1139
1137
1144
1148
1146
1153
1157
1155
1162
1166
1164
1171
1175
1173
1180
1184
1182
1189
1193
1191
1198
1202
1200
1207
1211
1209
1216
1220
1218
1225
1229
1227
1234
1238
1236
1243
1247
1245
1252
1256
1254
1261
1265
1263
1270
1274
1272
1279
1283
1281
1288
1292
1290
1297
1301
1299
1306
1310
1308
1315
1319
1317
1324
1328
1326
1333
1337
1335
1342
1346
1344
1351
1355
1353
1360
1364
1362
1369
1373
1371
1378
1382
1380
1387
1391
1389
1396
1400
1398
1405
1409
1407
1414
1418
1416
1423
1427
1425
1432
1435
1433
1438
1439
0
3
11
20
29
38
47
56
65
74
83
92
101
110
119
128
137
146
155
164
173
182
191
200
209
218
227
236
245
254
263
272
281
290
299
308
317
326
335
344
353
362
371
380
389
398
407
416
425
434
443
452
461
470
479
488
497
506
515
524
533
542
551
560
569
578
587
596
605
614
623
632
641
650
659
668
677
686
695
704
713
722
731
740
749
758
767
776
785
794
803
812
821
830
839
848
857
866
875
884
893
902
911
920
929
938
947
956
965
974
983
992
1001
1010
1019
1028
1037
1046
1055
1064
1073
1082
1091
1100
1109
1118
1127
1136
1145
1154
1163
1172
1181
1190
1199
1208
1217
1226
1235
1244
1253
1262
1271
1280
1289
1298
1307
1316
1325
1334
1343
1352
1361
1370
1379
1388
1397
1406
1415
1424
1
7
16
25
34
43
52
61
70
79
88
97
106
115
124
133
142
151
160
169
178
187
196
205
214
223
232
241
250
259
268
277
286
295
304
313
322
331
340
349
358
367
376
385
394
403
412
421
430
439
448
457
466
475
484
493
502
511
520
529
538
547
556
565
574
583
592
601
610
619
628
637
646
655
664
673
682
691
700
709
718
727
736
745
754
763
772
781
790
799
808
817
826
835
844
853
862
871
880
889
898
907
916
925
934
943
952
961
970
979
988
997
1006
1015
1024
1033
1042
1051
1060
1069
1078
1087
1096
1105
1114
1123
1132
1141
1150
1159
1168
1177
1186
1195
1204
1213
1222
1231
1240
1249
1258
1267
1276
1285
1294
1303
1312
1321
1330
1339
1348
1357
1366
1375
1384
1393
1402
1411
1420
1429
4
12
21
30
39
48
57
66
75
84
93
102
111
120
129
138
147
156
165
174
183
192
201
210
219
228
237
246
255
264
273
282
291
300
309
318
327
336
345
354
363
372
381
390
399
408
417
426
435
444
453
462
471
480
489
498
507
516
525
534
543
552
561
570
579
588
597
606
615
624
633
642
651
660
669
678
687
696
705
714
723
732
741
750
759
768
777
786
795
804
813
822
831
840
849
858
867
876
885
894
903
912
921
930
939
948
957
966
975
984
993
1002
1011
1020
1029
1038
1047
1056
1065
1074
1083
1092
1101
1110
1119
1128
1137
1146
1155
1164
1173
1182
1191
1200
1209
1218
1227
1236
1245
1254
1263
1272
1281
1290
1299
1308
1317
1326
1335
1344
1353
1362
1371
1380
1389
1398
1407
1416
1425
1433
5
13
22
31
40
49
58
67
76
85
94
103
112
121
130
139
148
157
166
175
184
193
202
211
220
229
238
247
256
265
274
283
292
301
310
319
328
337
346
355
364
373
382
391
400
409
418
427
436
445
454
463
472
481
490
499
508
517
526
535
544
553
562
571
580
589
598
607
616
625
634
643
652
661
670
679
688
697
706
715
724
733
742
751
760
769
778
787
796
805
814
823
832
841
850
859
868
877
886
895
904
913
922
931
940
949
958
967
976
985
994
1003
1012
1021
1030
1039
1048
1057
1066
1075
1084
1093
1102
1111
1120
1129
1138
1147
1156
1165
1174
1183
1192
1201
1210
1219
1228
1237
1246
1255
1264
1273
1282
1291
1300
1309
1318
1327
1336
1345
1354
1363
1372
1381
1390
1399
1408
1417
1426
1434
8
17
26
35
44
53
62
71
80
89
98
107
116
125
134
143
152
161
170
179
188
197
206
215
224
233
242
251
260
269
278
287
296
305
314
323
332
341
350
359
368
377
386
395
404
413
422
431
440
449
458
467
476
485
494
503
512
521
530
539
548
557
566
575
584
593
602
611
620
629
638
647
656
665
674
683
692
701
710
719
728
737
746
755
764
773
782
791
800
809
818
827
836
845
854
863
872
881
890
899
908
917
926
935
944
953
962
971
980
989
998
1007
1016
1025
1034
1043
1052
1061
1070
1079
1088
1097
1106
1115
1124
1133
1142
1151
1160
1169
1178
1187
1196
1205
1214
1223
1232
1241
1250
1259
1268
1277
1286
1295
1304
1313
1322
1331
1340
1349
1358
1367
1376
1385
1394
1403
1412
1421
1430
1437
14
23
32
41
50
59
68
77
86
95
104
113
122
131
140
149
158
167
176
185
194
203
212
221
230
239
248
257
266
275
284
293
302
311
320
329
338
347
356
365
374
383
392
401
410
419
428
437
446
455
464
473
482
491
500
509
518
527
536
545
554
563
572
581
590
599
608
617
626
635
644
653
662
671
680
689
698
707
716
725
734
743
752
761
770
779
788
797
806
815
824
833
842
851
860
869
878
887
896
905
914
923
932
941
950
959
968
977
986
995
1004
1013
1022
1031
1040
1049
1058
1067
1076
1085
1094
1103
1112
1121
1130
1139
1148
1157
1166
1175
1184
1193
1202
1211
1220
1229
1238
1247
1256
1265
1274
1283
1292
1301
1310
1319
1328
1337
1346
1355
1364
1373
1382
1391
1400
1409
1418
1427
1435
1439
)


// ************************************************************************* //
